"https://www.tomsguide.com/us/best-phone-camerasreview-2272.html", 0, 0, 0, 0, 0, 0, 0, 16, 16, 0, 0, 0, 1, 1, 0, 0, 0, 5, 5, 0, 0, 0, 2, 2, 0, 0, 0, 0, 0, 0, 0, 0, 0, 0, 0, 0, 0, 1, 1, 0, 0, 0, 0, 0, 0, 0, 0, 0, 0, 0, 0, 0, 0, 0, 0, 0, 0, 0	
"http://www.beautyprofessor.net/2012/03/sunday-riley-primer.html", 0, 0, 0, 0, 0, 0, 0, 0, 0, 0, 0, 0, 0, 0, 0, 0, 0, 0, 0, 0, 0, 0, 0, 0, 0, 0, 0, 0, 0, 0, 0, 0, 0, 0, 0, 0, 0, 0, 0, 0, 0, 0, 0, 0, 0, 0, 0, 0, 0, 0, 0, 0, 0, 0, 0, 0, 0, 0	
"http://www.trendynail.net/2009/06/gravidanza-e-bellezza-prodotti-si.html", 0, 0, 0, 0, 0, 0, 0, 0, 0, 0, 0, 0, 0, 0, 0, 0, 0, 0, 0, 0, 0, 0, 0, 0, 0, 0, 0, 0, 0, 0, 0, 0, 0, 0, 0, 0, 0, 0, 0, 0, 0, 0, 0, 0, 0, 0, 0, 0, 0, 0, 0, 0, 0, 0, 0, 0, 0, 0	
"https://easitech-direct.co.uk/shop/epos-honeywell-youjie-hh360-linear-imager-usb-kit/", 0, 0, 0, 0, 0, 0, 0, 0, 0, 0, 0, 0, 0, 0, 0, 0, 0, 0, 0, 0, 0, 0, 0, 0, 0, 0, 0, 0, 0, 0, 0, 0, 0, 0, 0, 0, 0, 0, 0, 0, 0, 0, 0, 0, 0, 0, 0, 0, 0, 0, 0, 0, 0, 0, 0, 0, 0, 0	
"https://www.upscgk.com/upsc-gk/4c8fdc18-d513-48b3-9efa-4982f46c9bf2/%E0%A4%9A%E0%A5%80%E0%A4%A8%E0%A5%80-%E0%A4%AF%E0%A4%BE%E0%A4%A4%E0%A5%8D%E0%A4%B0%E0%A5%80-%E0%A4%B9%E0%A5%8D%E0%A4%A8%E0%A5%87%E0%A4%A8%E0%A4%B8%E0%A5%89%E0%A4%82%E0%A4%97-%E0%A4%95%E0%A5%87-%E0%A4%85%E0%A4%A8%E0%A5%81%E0%A4%B8%E0%A4%BE%E0%A4%B0-%E0%A4%B9%E0%A4%B0%E0%A5%8D%E0%A4%B7%E0%A4%B5%E0%A4%B0%E0%A5%8D%E0%A4%A6%E0%A5%8D%E0%A4%A7%E0%A4%A8-%E0%A4%95%E0%A5%87-%E0%A4%B8%E0%A4%AE%E0%A4%AF-%E0%A4%89%E0%A4%A4%E0%A5%8D%E0%A4%A4%E0%A4%B0-%E0%A4%AA%E0%A5%8D%E0%A4%B0%E0%A4%A6%E0%A5%87%E0%A4%B6-%E0%A4%95%E0%A5%87-%E0%A4%A8%E0%A4%97%E0%A4%B0-%E0%A4%95%E0%A5%8B-%E0%A4%A8%E0%A4%97%E0%A4%B0%E0%A4%AE%E0%A4%B9%E0%A5%8B%E0%A4%A6%E0%A4%AF-%E0%A4%B6%E0%A5%8D%E0%A4%B0%E0%A5%80-%E0%A4%95%E0%A4%B9%E0%A5%89%E0%A4%82%E0%A4%82-%E0%A4%9C%E0%A4%BE%E0%A4%A4%E0%A4%BE-%E0%A4%A5%E0%A4%BE", 0, 0, 0, 0, 0, 0, 0, 0, 0, 0, 0, 0, 0, 0, 0, 0, 0, 0, 0, 0, 0, 0, 0, 0, 0, 0, 0, 0, 0, 0, 0, 0, 0, 0, 0, 0, 0, 0, 0, 0, 0, 0, 0, 0, 0, 0, 0, 0, 0, 0, 0, 0, 0, 0, 0, 0, 0, 0	
"http://www.sososwift.com/?order=views&page=7", 0, 0, 0, 0, 0, 0, 0, 0, 0, 0, 0, 0, 0, 0, 0, 0, 0, 0, 0, 0, 0, 0, 0, 0, 0, 0, 0, 0, 0, 0, 0, 0, 0, 0, 0, 0, 0, 0, 0, 0, 0, 0, 0, 0, 0, 0, 0, 0, 0, 0, 0, 0, 0, 0, 0, 0, 0, 0	
"https://www.remotespykeylogger.com/search/label/Mobile%20Phone%20Spy%20Software?max-results=7", 0, 0, 0, 0, 0, 0, 0, 0, 0, 0, 0, 0, 0, 0, 0, 0, 0, 0, 0, 0, 0, 0, 0, 0, 0, 0, 0, 0, 0, 0, 0, 0, 0, 0, 0, 0, 0, 0, 0, 0, 0, 0, 0, 0, 0, 0, 0, 0, 0, 0, 0, 0, 0, 0, 0, 0, 0, 0	
"https://www.what-is-new.info/2018/11/11/a-tale-of-two-scooter-cities/", 0, 0, 0, 0, 0, 0, 0, 0, 0, 0, 0, 0, 0, 0, 0, 0, 0, 0, 0, 0, 0, 0, 0, 0, 0, 0, 0, 0, 0, 0, 0, 0, 0, 0, 0, 0, 0, 0, 0, 0, 0, 0, 0, 0, 0, 0, 0, 0, 0, 0, 0, 0, 7, 7, 10, 10, 6, 6	
"https://www.jmir.org/", 0, 0, 0, 0, 0, 0, 0, 0, 0, 0, 0, 0, 0, 0, 0, 0, 0, 0, 0, 0, 0, 0, 0, 0, 0, 0, 0, 0, 0, 0, 0, 0, 0, 0, 0, 0, 0, 0, 0, 0, 0, 0, 0, 0, 0, 0, 0, 0, 0, 0, 0, 0, 0, 0, 0, 0, 0, 0	
"http://www.makellbird.info/2010/06/george-haynes-redline99-releases-dyno.html", 0, 0, 0, 0, 0, 0, 0, 2, 0, 0, 0, 2, 2, 0, 0, 0, 2, 2, 0, 0, 0, 2, 1, 0, 0, 0, 1, 1, 0, 0, 0, 1, 1, 0, 0, 0, 1, 1, 0, 0, 0, 1, 1, 0, 0, 0, 1, 1, 0, 0, 0, 1, 0, 0, 0, 0, 0, 0	
